grad,area,height,recall,precision,fscore
0.0,16,6,0.9843342036553525,0.7113207547169811,0.8258488499452354
0.1,16,6,0.9843342036553525,0.7113207547169811,0.8258488499452354
0.2,16,6,0.9843342036553525,0.7113207547169811,0.8258488499452354
0.30000000000000004,16,6,0.9843342036553525,0.7113207547169811,0.8258488499452354
1.0,16,6,0.9843342036553525,0.7143533870203695,0.8278891023881417
0.4,16,6,0.9843342036553525,0.7113207547169811,0.8258488499452354
1.1,16,6,0.9843342036553525,0.7180952380952381,0.830396475770925
1.2000000000000002,16,6,0.9843342036553525,0.7184373511195807,0.83062517212889
0.5,16,6,0.9843342036553525,0.7113207547169811,0.8258488499452354
1.3,16,6,0.9843342036553525,0.7211860353897657,0.8324592878829699
0.6000000000000001,16,6,0.9843342036553525,0.7113207547169811,0.8258488499452354
1.4000000000000001,16,6,0.9843342036553525,0.7239558329332694,0.8343015214384509
0.8,16,6,0.9843342036553525,0.7119924457034938,0.8263013698630137
0.7000000000000001,16,6,0.9843342036553525,0.7113207547169811,0.8258488499452354
1.5,16,6,0.9843342036553525,0.7270973963355835,0.8363838047698281
0.9,16,6,0.9843342036553525,0.7123287671232876,0.8265278158399563
1.6,16,6,0.9843342036553525,0.7306201550387597,0.8387096774193548
1.7000000000000002,16,6,0.9843342036553525,0.7327502429543246,0.8401114206128133
1.8,16,6,0.9843342036553525,0.7374083129584352,0.8431646631255242
1.9000000000000001,16,6,0.9843342036553525,0.7450592885375494,0.8481439820022498
2.0,16,6,0.9843342036553525,0.754,0.853907134767837
2.1,16,6,0.9843342036553525,0.7620010106114199,0.8590145257761321
2.2,16,6,0.9843342036553525,0.7686034658511722,0.8631940469376074
2.3000000000000003,16,6,0.9843342036553525,0.7769191138588356,0.8684134753815145
2.4000000000000004,16,6,0.9843342036553525,0.7850078084331078,0.8734433825658847
2.5,16,6,0.9843342036553525,0.792016806722689,0.8777648428405121
2.6,16,6,0.9843342036553525,0.8,0.8826455955516537
2.7,16,6,0.9843342036553525,0.8090128755364807,0.8881036513545347
2.8000000000000003,16,6,0.9843342036553525,0.8151351351351351,0.8917800118273211
2.9000000000000004,16,6,0.9836814621409922,0.8199129488574538,0.8943620178041544
3.0,16,6,0.9836814621409922,0.8257534246575342,0.8978254393803992
3.1,16,6,0.9830287206266318,0.8315847598012148,0.9009871373018247
3.4000000000000004,16,6,0.9804177545691906,0.8490672696438666,0.9100272644653136
3.3000000000000003,16,6,0.9810704960835509,0.8434343434343434,0.9070609535304767
3.6,16,6,0.9784595300261096,0.8605051664753157,0.9156994502138057
3.5,16,6,0.9784595300261096,0.854618015963512,0.912355447352404
3.2,16,6,0.9830287206266318,0.8362021099389229,0.9036903690369037
3.7,16,6,0.9771540469973891,0.8653179190751445,0.9178418148375229
3.9000000000000004,16,6,0.9732375979112271,0.875,0.9215080346106304
3.8000000000000003,16,6,0.9758485639686684,0.870197904540163,0.9199999999999999
4.2,16,6,0.966710182767624,0.8878896882494005,0.9256249999999999
4.0,16,6,0.9712793733681462,0.8794326241134752,0.9230769230769231
4.1000000000000005,16,6,0.9686684073107049,0.8849135360763267,0.9248987223434091
4.3,16,6,0.9660574412532638,0.8931804465902233,0.9281906553778615
4.5,16,6,0.9588772845953003,0.8979217603911981,0.92739898989899
4.4,16,6,0.9627937336814621,0.8950242718446602,0.9276729559748428
4.7,16,6,0.9503916449086162,0.9021065675340768,0.9256198347107438
4.6000000000000005,16,6,0.9556135770234987,0.9014778325123153,0.9277566539923955
5.0,16,6,0.9432114882506527,0.9082338152105593,0.9253922510406659
4.9,16,6,0.9451697127937336,0.9078369905956113,0.9261272785417333
4.800000000000001,16,6,0.9477806788511749,0.9035469819539514,0.9251353934374005
5.1000000000000005,16,6,0.9399477806788512,0.9085173501577287,0.9239653512993263
5.2,16,6,0.9373368146214099,0.9094363521215959,0.9231758277081323
5.4,16,6,0.9281984334203656,0.9162371134020618,0.9221789883268483
5.5,16,6,0.9236292428198434,0.9164507772020726,0.9200260078023407
5.300000000000001,16,6,0.9347258485639687,0.9150159744408946,0.9247659024862771
5.6000000000000005,16,6,0.9151436031331592,0.9175392670157068,0.9163398692810457
5.7,16,6,0.9099216710182768,0.9195250659630607,0.9146981627296588
5.9,16,6,0.8955613577023499,0.9208053691275168,0.9080079417604237
5.800000000000001,16,6,0.9007832898172323,0.9193870752831446,0.9099901088031651
6.0,16,6,0.8864229765013055,0.9250681198910081,0.9053333333333334
6.2,16,6,0.8772845953002611,0.9307479224376731,0.903225806451613
6.300000000000001,16,6,0.868798955613577,0.9333800841514727,0.8999323867478026
6.1000000000000005,16,6,0.8805483028720626,0.9284239504473503,0.903852596314908
6.4,16,6,0.8570496083550914,0.9325284090909091,0.8931972789115648
6.5,16,6,0.8505221932114883,0.9340501792114695,0.8903313973351554
6.6000000000000005,16,6,0.8439947780678851,0.9362780593772628,0.8877445932028836
6.7,16,6,0.8387728459530026,0.939327485380117,0.8862068965517242
6.800000000000001,16,6,0.8322454308093995,0.9402654867256637,0.8829639889196677
6.9,16,6,0.825065274151436,0.9425801640566741,0.8799164636268709
7.0,16,6,0.8178851174934726,0.9428141459744168,0.8759175113596644
7.1000000000000005,16,6,0.8054830287206266,0.9434250764525994,0.8690140845070422
7.2,16,6,0.7976501305483029,0.9429012345679012,0.8642149929278642
7.300000000000001,16,6,0.7885117493472585,0.94375,0.8591749644381224
7.4,16,6,0.7800261096605744,0.9431728492501973,0.8538763844230082
7.5,16,6,0.7715404699738904,0.9440894568690096,0.8491379310344827
7.6000000000000005,16,6,0.762402088772846,0.946515397082658,0.8445408532176428
7.7,16,6,0.7552219321148825,0.9468085106382979,0.8402323892519971
7.800000000000001,16,6,0.7473890339425587,0.9470636889991728,0.8354615103976651
8.1,16,6,0.7225848563968669,0.9485861182519281,0.8203038162282327
7.9,16,6,0.7362924281984334,0.9478991596638655,0.8288023512123438
8.200000000000001,16,6,0.7134464751958225,0.9479618386816999,0.8141527001862198
8.0,16,6,0.7297650130548303,0.9482612383375743,0.8247879011434894
8.3,16,6,0.7003916449086162,0.9478798586572438,0.8055555555555556
8.4,16,6,0.6892950391644909,0.9487870619946092,0.7984877126654064
8.5,16,6,0.6808093994778068,0.9481818181818182,0.7925531914893618
8.700000000000001,16,6,0.6703655352480418,0.9491682070240296,0.7857689364957918
8.8,16,6,0.6684073107049608,0.9499072356215214,0.7846743295019157
8.6,16,6,0.6781984334203656,0.947992700729927,0.7907153729071537
8.9,16,6,0.660574412532637,0.949343339587242,0.7790608160123171
9.0,16,6,0.6533942558746736,0.9488151658767773,0.7738693467336684
9.3,16,6,0.6318537859007833,0.9471624266144814,0.7580266249021143
9.1,16,6,0.6462140992167101,0.9482758620689655,0.7686335403726707
9.200000000000001,16,6,0.6403394255874674,0.9478260869565217,0.7643163225555123
9.4,16,6,0.6259791122715405,0.9504459861248761,0.7548209366391184
9.5,16,6,0.6135770234986945,0.9494949494949495,0.7454401268834259
9.600000000000001,16,6,0.6024804177545692,0.9495884773662552,0.737220447284345
